37
2 
3 
0 
37 
3 
39 
0 
37 
2 
98 
0 
37 
3 
146 
0 
37 
1 
15 
0 
37 
2 
3 
0 
37 
2 
9 
0 
10 
6 
121 
0 
37 
1 
7 
0 
10 
1 
10 
0 
37 
19 
48 
0 
10 
2 
10 
0 
37 
2 
3 
0 
37 
16 
70 
0 
37 
1 
2 
0 
37 
10 
12 
0 
37 
15 
35 
0 
10 
16 
81 
1 
10 
21 
101 
1 
37 
1 
3 
0 
37 
2 
4 
0 
37 
6 
7 
0 
37 
1 
37 
0 
37 
2 
9 
0 
37 
0 
3 
0 
37 
0 
2 
0 
37 
0 
13 
0 
37 
0 
6 
0 
37 
4 
40 
0 
37 
3 
43 
0 
37 
0 
6 
0 
37 
2 
4 
0 
37 
1 
6 
0 
37 
2 
5 
0 
10 
5 
58 
0 
10 
8 
102 
0 
37 
4 
6 
0 
37 
3 
7 
0 
37 
2 
261 
0 
37 
28 
136 
0 
37 
3 
5 
0 
